# mess around with polys
nb <- list(
c(8, 4, 3),
c(6, 5, 4),
c(1),
c(8, 7, 6, 2, 1),
c(9, 7, 6, 2),
c(7, 5, 4, 2),
c(14, 13, 9, 8, 6, 5, 4),
c(25, 19, 16, 14, 11, 7, 4, 1),
c(13, 7, 5),
c(40, 32, 28, 27, 20, 15, 12),
c(16, 8),
c(27, 18, 17, 15, 10),
c(20, 14, 9, 7),
c(37, 33, 20, 19, 13, 8, 7),
c(28, 27, 12, 10),
c(29, 25, 11, 8),
c(30, 18, 12),
c(30, 27, 17, 12),
c(42, 39, 38, 37, 25, 14, 8),
c(33, 32, 14, 13, 10),
c(31, 26, 22),
c(43, 31, 24, 21),
c(45, 41, 30, 24),
c(43, 41, 23, 22),
c(39, 36, 29, 19, 16, 8),
c(44, 34, 31, 21),
c(60, 57, 48, 47, 46, 40, 30, 28, 18, 15, 12, 10),
c(27, 15, 10),
c(39, 36, 25, 16),
c(59, 54, 53, 47, 45, 27, 23, 18, 17),
c(44, 43, 26, 22, 21),
c(52, 48, 42, 40, 33, 20, 10),
c(42, 37, 32, 20, 14),
c(56, 44, 35, 26),
c(56, 49, 34),
c(39, 29, 25),
c(42, 33, 19, 14),
c(39, 19),
c(50, 42, 38, 36, 29, 25, 19),
c(48, 32, 27, 10),
c(65, 61, 58, 45, 43, 24, 23),
c(55, 52, 50, 39, 37, 33, 32, 19),
c(58, 44, 41, 31, 24, 22),
c(76, 67, 58, 56, 43, 34, 31, 26),
c(61, 53, 41, 30, 23),
c(57, 48, 27),
c(60, 59, 30, 27),
c(57, 52, 46, 40, 32, 27),
c(56, 35),
c(42, 39),
c(87, 73, 68, 62),
c(63, 60, 57, 55, 48, 42, 32),
c(64, 61, 59, 54, 45, 30),
c(59, 53, 30),
c(74, 63, 52, 42),
c(82, 77, 69, 67, 49, 44, 35, 34),
c(60, 52, 48, 46, 27),
c(86, 76, 70, 65, 44, 43, 41),
c(75, 66, 64, 60, 54, 53, 47, 30),
c(83, 80, 66, 63, 59, 57, 52, 47, 27),
c(112, 108, 90, 89, 79, 75, 65, 64, 53, 45, 41),
c(73, 72, 51),
c(80, 74, 60, 55, 52),
c(75, 61, 59, 53),
c(93, 89, 79, 70, 61, 58, 41),
c(83, 75, 60, 59),
c(96, 88, 84, 82, 76, 56, 44),
c(105, 87, 51),
c(91, 78, 77, 56),
c(93, 86, 65, 58),
c(101, 95, 92, 81, 78, 72),
c(81, 73, 71, 62),
c(87, 81, 72, 62, 51),
c(85, 83, 80, 63, 55),
c(90, 83, 66, 64, 61, 59),
c(98, 96, 86, 67, 58, 44),
c(97, 91, 82, 69, 56),
c(95, 92, 91, 71, 69),
c(89, 65, 61),
c(83, 74, 63, 60),
c(101, 95, 87, 73, 72, 71),
c(97, 84, 77, 67, 56),
c(102, 94, 90, 80, 75, 74, 66, 60),
c(100, 99, 97, 88, 82, 67),
c(74),
c(103, 98, 93, 76, 70, 58),
c(110, 109, 105, 95, 81, 73, 68, 51),
c(100, 96, 84, 67),
c(112, 104, 93, 79, 65, 61),
c(113, 108, 102, 83, 75, 61),
c(127, 122, 121, 120, 117, 111, 106, 99, 97, 92, 78, 77, 69),
c(107, 106, 95, 91, 78, 71),
c(104, 103, 89, 86, 70, 65),
c(102, 83),
c(128, 116, 110, 107, 101, 92, 87, 81, 78, 71),
c(115, 100, 98, 88, 76, 67),
c(99, 91, 84, 82, 77),
c(129, 126, 124, 115, 103, 96, 86, 76),
c(111, 100, 97, 91, 84),
c(115, 114, 111, 99, 96, 88, 84),
c(95, 81, 71),
c(113, 94, 90, 83),
c(124, 118, 104, 98, 93, 86),
c(149, 145, 137, 133, 124, 119, 118, 112, 103, 93, 89),
c(109, 87, 68),
c(123, 117, 107, 92, 91),
c(128, 123, 106, 95, 92),
c(119, 113, 112, 90, 61),
c(142, 139, 131, 125, 110, 105, 87),
c(130, 125, 116, 109, 95, 87),
c(122, 114, 100, 99, 91),
c(119, 108, 104, 89, 61),
c(108, 102, 90),
c(126, 122, 115, 111, 100),
c(126, 114, 100, 98, 96),
c(140, 130, 128, 110, 95),
c(127, 123, 106, 91),
c(124, 104, 103),
c(144, 137, 112, 108, 104),
c(132, 122, 121, 91),
c(138, 135, 134, 132, 127, 120, 91),
c(136, 132, 126, 120, 114, 111, 91),
c(134, 128, 127, 117, 107, 106),
c(145, 143, 133, 129, 118, 104, 103, 98),
c(147, 146, 142, 130, 110, 109),
c(143, 141, 136, 129, 122, 115, 114, 98),
c(135, 134, 123, 121, 117, 91),
c(140, 134, 123, 116, 107, 95),
c(143, 126, 124, 98),
c(152, 146, 140, 125, 116, 110),
c(148, 139, 109),
c(138, 136, 122, 121, 120),
c(124, 104),
c(160, 158, 157, 156, 153, 140, 138, 136, 135, 128, 127, 123, 121),
c(134, 127, 121),
c(158, 155, 145, 143, 141, 138, 134, 132, 126, 122),
c(150, 149, 144, 119, 104),
c(136, 134, 132, 121),
c(174, 165, 163, 159, 148, 142, 131, 109),
c(154, 153, 152, 151, 134, 130, 128, 116),
c(143, 136, 126),
c(159, 152, 147, 146, 139, 125, 109),
c(145, 141, 136, 129, 126, 124),
c(150, 137, 119),
c(162, 155, 149, 143, 136, 124, 104),
c(152, 147, 142, 130, 125),
c(146, 142, 125),
c(139, 131),
c(170, 162, 150, 145, 137, 104),
c(149, 144, 137),
c(154, 140),
c(172, 168, 159, 154, 146, 142, 140, 130),
c(168, 161, 160, 154, 140, 134),
c(168, 161, 153, 152, 151, 140),
c(173, 167, 164, 162, 158, 145, 136),
c(166, 160, 157, 134),
c(169, 166, 158, 156, 134),
c(173, 169, 157, 155, 136, 134),
c(174, 172, 171, 152, 142, 139),
c(168, 166, 156, 153, 134),
c(168, 154, 153),
c(170, 164, 155, 149, 145),
c(165, 139),
c(186, 185, 179, 173, 170, 167, 162, 155),
c(174, 163, 139),
c(178, 176, 175, 169, 168, 160, 157, 156),
c(173, 164, 155),
c(183, 182, 175, 172, 166, 161, 160, 154, 153, 152),
c(181, 176, 173, 166, 158, 157),
c(164, 162, 149),
c(180, 177, 174, 172, 159),
c(182, 180, 171, 168, 159, 152),
c(181, 179, 169, 167, 164, 158, 155),
c(177, 171, 165, 159, 139),
c(184, 183, 178, 168, 166),
c(184, 181, 178, 169, 166),
c(188, 180, 174, 171),
c(184, 176, 175, 166),
c(186, 181, 173, 164),
c(188, 187, 182, 177, 172, 171),
c(194, 191, 189, 186, 184, 179, 176, 173, 169),
c(187, 183, 180, 172, 168),
c(187, 184, 182, 175, 168),
c(191, 183, 181, 178, 176, 175),
c(189, 186, 164),
c(189, 185, 181, 179, 164),
c(188, 183, 182, 180),
c(190, 187, 180, 177),
c(186, 185, 181),
c(193, 192, 188),
c(194, 184, 181),
c(193, 190),
c(192, 190),
c(191, 181))
