# This file contains 
#   -- the Slovenian stomach cancer data, 
#   -- neighbor-pairings for municipalities
#   -- R code to construct the adjacency matrix Q that encodes neighbor 
#      pairs and is proportional to the ICAR's precision matrix
#   -- coordinates for the center of each municipality.

# Further details are given below in comments.

# Number of map regions N:  At the time of this dataset, Slovenia had 192
# municipalities.  However, the dataset has 194 map
# regions;  each of two municipalities was represented by two map regions.
# The mapping of map regions to municipalities was handled correctly in
# the papers Zadnik & Reich (2006) and Reich, Hodges, and Zadnik (2006), 
# but I can no longer identify the two 
# municipalities that are represented as two map regions, and I cannot
# identify the map regions that map to these municipalities.  For the 
# purpose of the spatial-confounding analyses in the book, that doesn't
# matter;  I ignored this problem and treated the map as having 194 regions.  

N <- 194

# Number of observed deaths from stomach cancer in each municipality (1995 to
# 2001 inclusive).  For the two
# municipalities that are split into two map regions, the observed and 
# expected numbers of deaths are identical in the two map regions (equal to 
# the number of deaths in the municipality).  

O <- c( 1, 11, 0, 10, 3, 9, 14, 14, 8, 26, 0, 20, 8, 44, 3, 0, 8, 21,
 13, 12, 1, 13, 12, 3, 13, 13, 22, 4, 18, 225, 5, 4, 11, 21, 16, 8, 2,
 0, 14, 3, 7, 19, 3, 28, 12, 3, 7, 4, 11, 1, 8, 8, 21, 15, 47, 6, 6, 10,
 9, 55, 57, 32, 9, 19, 10, 5, 12, 7, 1, 5, 18, 2, 17, 18, 11, 47, 1, 3,
 10, 7, 27, 5, 13, 12, 5, 1, 7, 2, 27, 9, 46, 5, 10, 4, 78, 6, 4, 34, 1,
 2, 5, 5, 83, 40, 9, 10, 5, 24, 22, 6, 2, 15, 6, 1, 2, 45, 2, 5, 4, 11,
 35, 34, 4, 23, 9, 47, 12, 21, 18, 13, 6, 2, 0, 405, 0, 48, 7, 4, 56, 9,
 34, 31, 7, 5, 34, 8, 13, 12, 59, 55, 5, 12, 18, 21, 39, 8, 22, 23, 16,
 12, 7, 12, 7, 59, 8, 3, 4, 15, 5, 13, 3, 19, 15, 9, 3, 15, 14, 2, 3, 7,
 22, 5, 3, 7, 16, 2, 18, 8, 18, 85, 3, 24, 24, 3)

# Number of expected deaths from stomach cancer, by internal standardization.

E <- c(4.38, 2.93, 0.77, 5.50, 5.83, 4.74, 12.21, 12.74, 3.66, 18.04,
 1.08, 11.69, 6.53, 26.10, 3.43, 2.40, 6.35, 11.02, 12.84, 7.85, 4.84,
 8.47, 8.09, 4.79, 5.35, 12.94, 16.00, 2.79, 20.48, 168.65, 3.89, 6.10,
 5.96, 16.89, 9.62, 2.82, 1.97, 2.05, 6.88, 3.12, 4.85, 20.45, 2.10,
 22.01, 9.67, 1.83, 7.90, 1.72, 6.69, 2.36, 9.52, 3.23, 17.33, 41.10,
 28.50, 6.09, 3.54, 6.14, 6.35, 29.74, 43.21, 32.77, 3.61, 9.37, 7.69,
 10.08, 12.16, 6.92, 1.06, 3.41, 22.51, 6.26, 18.74, 9.19, 10.49, 35.28,
 2.87, 1.15, 5.26, 5.79, 29.60, 4.16, 8.14, 9.87, 1.78, 3.18, 9.72,
 3.99, 18.11, 6.79, 37.25, 4.73, 12.17, 2.69, 75.41, 7.84, 4.59, 29.99,
 4.19, 7.73, 6.88, 2.01, 79.46, 26.70, 9.37, 8.66, 11.16, 14.60, 24.33,
 9.47, 3.93, 15.28, 4.34, 2.41, 6.92, 30.06, 4.92, 5.88, 6.13, 6.89,
 37.92, 27.39, 5.45, 23.13, 8.57, 31.08, 7.32, 20.38, 17.40, 10.14,
 11.51, 5.80, 1.86, 446.95, 3.54, 27.34, 6.53, 5.45, 60.66, 9.25, 27.39,
 20.85, 7.22, 3.01, 28.32, 7.46, 10.14, 10.75, 44.17, 42.27, 3.41, 14.50,
 11.72, 23.54, 31.08, 8.07, 19.76, 19.68, 28.53, 7.21, 5.50, 4.90, 1.72,
 54.20, 8.81, 6.68, 4.10, 17.18, 6.02, 9.29, 8.92, 22.45, 7.57, 7.50, 3.92,
 13.85, 21.07, 3.45, 2.40, 7.30, 23.90, 10.69, 5.84, 4.02, 14.07, 6.60, 26.81,
 7.93, 24.07, 77.12, 1.00, 22.64, 27.42, 2.27)

# The covariate SES, socioeconomic status (1999 data published by Slovenia's 
# Institute of Macroeconomic Analysis and Development).

SE <- c(1,1,2,2,1,1,1,2,1,1,2,2,3,4,2,1,2,1,3,3,3,2,2,1,2,5,3,1,3,3,3,1,3,4,
3,2,3,2,2,2,2,2,1,5,3,1,2,1,4,1,5,2,4,4,2,3,2,4,3,4,4,3,3,4,4,4,5,5,1,3,5,
5,5,2,3,5,2,5,3,2,5,3,2,4,1,3,5,5,2,2,5,5,5,1,5,5,3,4,3,4,5,2,4,2,4,4,5,4,
5,5,3,2,3,3,5,5,5,2,2,4,5,5,5,5,5,3,5,5,4,3,4,5,2,5,5,5,2,4,5,5,5,5,5,2,4,
5,3,4,4,4,5,5,5,5,4,5,5,4,5,5,5,3,5,5,5,3,4,5,4,3,4,5,3,5,4,5,5,3,4,5,3,4,
4,2,4,3,4,5,4,5,2,5,5,2)

# Center the SES measure

SEc <- (SE-mean(SE))/sd(SE)

# The next two items are the data needed to compute the adjacency matrix
# Q.  They are followed by code that uses them to compute Q.

# Number of neighbors for each region:

num <- c(3, 3, 1, 5, 4, 4, 7, 8, 3, 7, 
2, 5, 4, 7, 4, 4, 3, 4, 7, 5, 
3, 4, 4, 4, 6, 4, 12, 3, 4, 9, 
5, 7, 5, 4, 3, 3, 4, 2, 7, 4, 
7, 8, 6, 8, 5, 3, 4, 6, 2, 2, 
4, 7, 6, 3, 4, 8, 5, 7, 8, 9, 
11, 3, 5, 4, 7, 4, 7, 3, 4, 4, 
6, 4, 5, 5, 6, 6, 5, 5, 3, 4, 
6, 5, 8, 6, 1, 6, 8, 4, 6, 6, 
13, 6, 6, 2, 10, 6, 5, 8, 5, 7, 
3, 4, 6, 11, 3, 5, 5, 5, 7, 6, 
5, 5, 3, 5, 5, 5, 4, 3, 5, 4, 
7, 7, 6, 8, 6, 8, 6, 6, 4, 6, 
3, 5, 2, 13, 3, 10, 5, 4, 8, 8, 
3, 7, 6, 3, 7, 5, 3, 2, 6, 3, 
2, 8, 6, 6, 7, 4, 5, 6, 6, 5, 
3, 5, 2, 8, 3, 8, 3, 10, 6, 3, 
5, 6, 7, 5, 5, 5, 4, 4, 4, 6, 
9, 5, 5, 6, 3, 5, 4, 4, 3, 3, 
3, 2, 2, 2
)

# Define the neighbors:

